$ANSIBLE_VAULT;1.1;AES256
61376130363137306235613832656638346265326536346231366134303939383863616262326563
6332656532383762336332323831323766353434373137630a313938393661326465353739373165
63633662653066383632383864653330323236303765356136343237393330336235313063613365
6662306630613562340a643264616131643931313065386466643038346538353666643563343566
61643431333965356363656566313035323638653231643334663863383833316137643934306665
65343161343033623730336531336534303034666439633564643264316235323032373862633233
64323339326330333264323763323637326230633333386265623435313738373331323565346434
32666438666535343363346230616564353366393564663738356461396439333362306664666363
35383439376137383662656265343439636338666332346636656538343634313764623834323339
65383035643363313136666566626439623135666331323438313234313465663664333039303462
63653239363864396338346563643633646537626635373339643035633362323838306437383066
35303433623838383834373839366632353665633765333965623030393064633431373535653762
61646338633464303732343631663633653034623532323431646562303931306265366230633837
64323234633332373063663063653362636264333632353030643439316337376137333738383631
64396331623433333832666661326264373631376539386663376338383565303530356135326166
30343232636137343730616164643263613234636463363737346432333033353339396133643131
39303533666337636563663933383762636439633038613561663433333235353735396365646631
31373564633231383266373033663334313666356231343362363963326331373761633333653461
66646338303161306236393362393866663530633761653933373435326337353338316538643663
62323339303362623839373462373634623462383464396464356339333931386261366164393230
36343462343134633463653839386234376131623536313035663832323262623339363831323865
61393763616234653061353739393764393437663564373330376237313036343837623233366265
31396163396534316435333731376635633839383966643631306430386337333332363733343062
38326239343531613936356634653666666330623661656366333832323830323336303639346136
64666437663537333531303164616262333734613164613963313936666661336531356561323666
31663630643734343830393739356439623338363761633137363664333231373363383763663832
37383763363938383565303566346366363837396331363834323162343063393035303233613461
37393635363239393463333131363138353062643332333063643035376465383334663932656339
64353831663037303036346533636537663262353835343261646564383631346462646132633730
39343832643965303530336335323435656436396535623962323936383461623965613463333438
36613964333339653036313137643035656436386661373461373934323364313662616335646561
65646431346462613630376465373930323437343036666166653532333339363939613639333733
61373062313063383638326633373966376435303735626236666535653365386430643335303863
33346137623632613133636663303337363565333265623832623930636630363633366264393034
35663264363434343133653838353765396261636135383436653837383631323635353938333963
62613931326565303362666138666533626164356532313561383836363332306636333864313366
38383732666334653931663261323837356266623161306563616236343734626164353165326636
36656663333433363433353938303264303964636332393337393338613831393739373038643735
34333865656533613138306531636465346463323463383438356539663333613365366464336139
39663536643539356239303533613638343138613238643539396262363433346166613231623836
65316230343063616461666263306566306564316231663532366139383537636539636135333636
66636437313237633133366463623864373465653166613938343066383363373232643735373664
32396330326635616433616363316434663663366235626338306362656630366230313932633461
33343539356139356533306139626261656331383561633939626163356661626465376436653332
37376264373262366633316636373036323966333936333166643237373631316131663865346538
37366435663737386634636661333530633033366131316565376434653931306439303031396261
62383639666335346465363734636539623366393835656165663162393665303338616235643134
34333439333739663231323265343338386330353364383663613864643838356266653063623234
32643838363966663466363337353935363737643835643064643533653337336530363866336638
65363663346634623537363131366263393361343238383033316336383562313237323231333837
63373861303666373937616135333364366132303663646130616663376262353166343264646262
38643137343532393464616133666163383762303335626138663265313032363839303462343336
35393533316230326230303439313034613235353263353236636463653437313937643734343161
39353539643136663636636438643232643166366234386266323736633862346438306335643538
62626534396438363866623533646262303763323663656165383164633266356235303464613936
65363932376136316365656166313438353730333135376665303362316565353265313335663330
63343639383962303232383361386530393336663865303937663763353766633262623762323336
32363136623231386136646239336333393038633937663531393130633331363964363338663432
32653430363434316338386338623965613839373033613663366334386162656336663331343131
35386234373238346261663539633337623530636630366335653662613436393138646666316331
3830
